1, 0 4 0;
2, 0 4 0;
3, 0 4 0;
4, 0 4 0;
5, 1 4 0;
6, 1 4 0;
7, 1 2 0;
8, 1 4 2;
9, 1 3 0;
10, 1 4 1 2;
11, 1 4 4;
12, 1 2 0;
13, 2 3 0;
14, 1 4 0;
15, 1 4 0;
16, 1 4 1 3 4;
17, 2 4 0;
18, 1 4 0;
19, 1 4 1 3 4;
20, 1 3 2 3;
21, 1 4 0;
22, 1 4 4;
23, 1 4 0;
24, 1 4 0;
25, 2 4 0;
26, 1 4 4;
27, 1 4 1 2 3;
28, 1 3 0;
29, 1 3 1 2;
30, 1 4 3;
31, 2 4 0;
32, 2 4 0;
33, 1 4 1 2 3;
34, 1 4 1 2 3;
35, 1 4 0;
36, 2 4 0;
37, 2 4 0;
38, 1 4 1 2;
39, 2 4 0;
40, 2 2 0;
41, 2 3 0;
42, 2 3 0;
43, 2 3 0;
44, 2 3 0;
45, 2 2 0;
46, 2 4 0;
47, 2 3 0;
48, 2 3 0;
49, 2 2 0;
50, 2 3 0;
51, 2 3 0;
52, 2 3 0;
53, 2 3 0;
54, 2 3 0;
55, 2 3 0;
56, 2 3 0;
57, 2 3 0;
58, 2 3 0;
59, 2 3 0;
60, 2 3 0;
61, 2 3 0;
62, 2 4 0;
63, 2 4 0;
64, 2 4 0;
65, 2 4 0;
66, 2 4 0;
67, 2 4 0;
68, 2 4 0;
69, 2 4 0;
70, 2 3 0;
71, 2 3 0;
72, 2 3 0;
73, 2 3 0;
74, 2 3 0;
75, 2 3 0;
76, 2 3 0;
77, 2 3 0;
78, 2 3 0;
79, 2 3 0;
80, 2 3 0;
81, 2 3 0;
82, 2 3 0;
83, 2 3 0;
84, 2 3 0;
85, 2 3 0;
86, 2 3 0;
87, 2 3 0;
88, 2 3 0;
89, 2 3 0;
90, 2 3 0;
91, 2 3 0;
92, 2 3 0;
93, 2 3 0;
94, 2 4 0;
95, 2 3 0;
96, 2 3 0;
97, 2 3 0;
98, 2 3 0;
99, 2 3 0;
100, 0 3 0;
101, 0 3 0;
102, 0 3 0;
103, 0 3 0;
104, 0 3 0;
105, 0 3 0;
106, 0 3 0;
107, 0 3 0;
108, 0 3 0;
109, 0 3 0;
110, 0 3 0;
111, 0 3 0;
112, 0 3 0;
113, 0 3 0;
114, 0 3 0;
115, 0 3 0;
116, 0 3 0;
117, 0 3 0;
118, 0 3 0;
119, 0 3 0;
120, 0 3 0;
121, 0 3 0;
122, 0 3 0;
123, 0 3 0;
124, 0 3 0;
125, 0 3 0;
126, 0 3 0;
127, 0 3 0;
128, 0 3 0;
129, 0 3 0;
130, 0 3 0;
131, 0 3 0;
132, 0 3 0;
133, 0 3 0;
134, 0 3 0;
